{
 "cells": [
  {
   "cell_type": "markdown",
   "id": "0a864eab-767f-42ae-b394-70baa5802d31",
   "metadata": {},
   "source": [
    "# Level 1: Variable Identification Protocol"
   ]
  },
  {
   "cell_type": "code",
   "execution_count": 2,
   "id": "79ef1917-7775-4e04-a89a-ef890458a128",
   "metadata": {},
   "outputs": [],
   "source": [
    "import pandas as pd\n",
    "import numpy as np\n",
    "import matplotlib.pyplot as plt\n",
    "import seaborn as sns\n",
    "%matplotlib inline\n"
   ]
  },
  {
   "cell_type": "code",
   "execution_count": 3,
   "id": "b807cc81-a9c2-46df-926a-fe4bedd71936",
   "metadata": {},
   "outputs": [
    {
     "name": "stdout",
     "output_type": "stream",
     "text": [
      "<class 'pandas.core.frame.DataFrame'>\n",
      "RangeIndex: 649 entries, 0 to 648\n",
      "Data columns (total 33 columns):\n",
      " #   Column      Non-Null Count  Dtype  \n",
      "---  ------      --------------  -----  \n",
      " 0   school      649 non-null    object \n",
      " 1   sex         649 non-null    object \n",
      " 2   address     649 non-null    object \n",
      " 3   famsize     599 non-null    object \n",
      " 4   Pstatus     649 non-null    object \n",
      " 5   Medu        649 non-null    int64  \n",
      " 6   Fedu        576 non-null    float64\n",
      " 7   Mjob        649 non-null    object \n",
      " 8   Fjob        649 non-null    object \n",
      " 9   reason      649 non-null    object \n",
      " 10  guardian    649 non-null    object \n",
      " 11  traveltime  576 non-null    float64\n",
      " 12  failures    649 non-null    int64  \n",
      " 13  schoolsup   649 non-null    object \n",
      " 14  famsup      649 non-null    object \n",
      " 15  paid        649 non-null    object \n",
      " 16  activities  649 non-null    object \n",
      " 17  nursery     649 non-null    object \n",
      " 18  higher      573 non-null    object \n",
      " 19  internet    649 non-null    object \n",
      " 20  famrel      649 non-null    int64  \n",
      " 21  freetime    604 non-null    float64\n",
      " 22  goout       649 non-null    int64  \n",
      " 23  Dalc        649 non-null    int64  \n",
      " 24  health      649 non-null    int64  \n",
      " 25  absences    580 non-null    float64\n",
      " 26  G1          649 non-null    int64  \n",
      " 27  G2          614 non-null    float64\n",
      " 28  G3          649 non-null    int64  \n",
      " 29  Feature_1   611 non-null    float64\n",
      " 30  Feature_2   603 non-null    float64\n",
      " 31  Feature_3   610 non-null    float64\n",
      " 32  romantic    649 non-null    object \n",
      "dtypes: float64(8), int64(8), object(17)\n",
      "memory usage: 167.4+ KB\n"
     ]
    }
   ],
   "source": [
    "df=pd.read_csv(\"Dataset.csv\")\n",
    "df.info()"
   ]
  },
  {
   "cell_type": "code",
   "execution_count": 4,
   "id": "7da5328d-3fa2-408a-b63b-d74845bd584f",
   "metadata": {},
   "outputs": [],
   "source": [
    "Feature_list=['Feature_1','Feature_2','Feature_3']\n",
    "\n",
    "for Feature in Feature_list:\n",
    "    plt.figure(figsize=(6,4))\n",
    "    sns.histplot(df[Feature],bins=15)\n",
    "    plt.title(f\"Distribution of {Feature}\")"
   ]
  },
  {
   "cell_type": "code",
   "execution_count": 5,
   "id": "e5a2baae-2dd3-46da-8593-22ade9bbb24d",
   "metadata": {},
   "outputs": [
    {
     "data": {
      "text/html": [
       "<div>\n",
       "<style scoped>\n",
       "    .dataframe tbody tr th:only-of-type {\n",
       "        vertical-align: middle;\n",
       "    }\n",
       "\n",
       "    .dataframe tbody tr th {\n",
       "        vertical-align: top;\n",
       "    }\n",
       "\n",
       "    .dataframe thead th {\n",
       "        text-align: right;\n",
       "    }\n",
       "</style>\n",
       "<table border=\"1\" class=\"dataframe\">\n",
       "  <thead>\n",
       "    <tr style=\"text-align: right;\">\n",
       "      <th></th>\n",
       "      <th>Medu</th>\n",
       "      <th>Fedu</th>\n",
       "      <th>traveltime</th>\n",
       "      <th>failures</th>\n",
       "      <th>famrel</th>\n",
       "      <th>freetime</th>\n",
       "      <th>goout</th>\n",
       "      <th>Dalc</th>\n",
       "      <th>health</th>\n",
       "      <th>absences</th>\n",
       "      <th>G1</th>\n",
       "      <th>G2</th>\n",
       "      <th>G3</th>\n",
       "      <th>Feature_1</th>\n",
       "      <th>Feature_2</th>\n",
       "      <th>Feature_3</th>\n",
       "    </tr>\n",
       "  </thead>\n",
       "  <tbody>\n",
       "    <tr>\n",
       "      <th>Medu</th>\n",
       "      <td>1.000000</td>\n",
       "      <td>0.645266</td>\n",
       "      <td>-0.285188</td>\n",
       "      <td>-0.172210</td>\n",
       "      <td>0.024421</td>\n",
       "      <td>-0.006371</td>\n",
       "      <td>0.009536</td>\n",
       "      <td>-0.007018</td>\n",
       "      <td>0.004614</td>\n",
       "      <td>-0.030314</td>\n",
       "      <td>0.260472</td>\n",
       "      <td>0.272536</td>\n",
       "      <td>0.240151</td>\n",
       "      <td>-0.111327</td>\n",
       "      <td>0.097210</td>\n",
       "      <td>-0.009095</td>\n",
       "    </tr>\n",
       "    <tr>\n",
       "      <th>Fedu</th>\n",
       "      <td>0.645266</td>\n",
       "      <td>1.000000</td>\n",
       "      <td>-0.225239</td>\n",
       "      <td>-0.173993</td>\n",
       "      <td>0.015577</td>\n",
       "      <td>0.037076</td>\n",
       "      <td>0.028104</td>\n",
       "      <td>-0.011505</td>\n",
       "      <td>0.043708</td>\n",
       "      <td>0.000862</td>\n",
       "      <td>0.223507</td>\n",
       "      <td>0.234918</td>\n",
       "      <td>0.227617</td>\n",
       "      <td>-0.138840</td>\n",
       "      <td>0.051633</td>\n",
       "      <td>0.040817</td>\n",
       "    </tr>\n",
       "    <tr>\n",
       "      <th>traveltime</th>\n",
       "      <td>-0.285188</td>\n",
       "      <td>-0.225239</td>\n",
       "      <td>1.000000</td>\n",
       "      <td>0.102425</td>\n",
       "      <td>0.005246</td>\n",
       "      <td>-0.033022</td>\n",
       "      <td>0.053154</td>\n",
       "      <td>0.086628</td>\n",
       "      <td>-0.036147</td>\n",
       "      <td>0.011891</td>\n",
       "      <td>-0.169075</td>\n",
       "      <td>-0.170496</td>\n",
       "      <td>-0.138247</td>\n",
       "      <td>0.045970</td>\n",
       "      <td>-0.048797</td>\n",
       "      <td>0.052514</td>\n",
       "    </tr>\n",
       "    <tr>\n",
       "      <th>failures</th>\n",
       "      <td>-0.172210</td>\n",
       "      <td>-0.173993</td>\n",
       "      <td>0.102425</td>\n",
       "      <td>1.000000</td>\n",
       "      <td>-0.062645</td>\n",
       "      <td>0.097892</td>\n",
       "      <td>0.045078</td>\n",
       "      <td>0.105949</td>\n",
       "      <td>0.035588</td>\n",
       "      <td>0.104639</td>\n",
       "      <td>-0.384210</td>\n",
       "      <td>-0.392113</td>\n",
       "      <td>-0.393316</td>\n",
       "      <td>0.312151</td>\n",
       "      <td>-0.144468</td>\n",
       "      <td>0.063646</td>\n",
       "    </tr>\n",
       "    <tr>\n",
       "      <th>famrel</th>\n",
       "      <td>0.024421</td>\n",
       "      <td>0.015577</td>\n",
       "      <td>0.005246</td>\n",
       "      <td>-0.062645</td>\n",
       "      <td>1.000000</td>\n",
       "      <td>0.126353</td>\n",
       "      <td>0.089707</td>\n",
       "      <td>-0.075767</td>\n",
       "      <td>0.109559</td>\n",
       "      <td>-0.079048</td>\n",
       "      <td>0.048795</td>\n",
       "      <td>0.101754</td>\n",
       "      <td>0.063361</td>\n",
       "      <td>-0.040149</td>\n",
       "      <td>-0.018598</td>\n",
       "      <td>-0.082948</td>\n",
       "    </tr>\n",
       "    <tr>\n",
       "      <th>freetime</th>\n",
       "      <td>-0.006371</td>\n",
       "      <td>0.037076</td>\n",
       "      <td>-0.033022</td>\n",
       "      <td>0.097892</td>\n",
       "      <td>0.126353</td>\n",
       "      <td>1.000000</td>\n",
       "      <td>0.339153</td>\n",
       "      <td>0.116070</td>\n",
       "      <td>0.084181</td>\n",
       "      <td>-0.025629</td>\n",
       "      <td>-0.080949</td>\n",
       "      <td>-0.100257</td>\n",
       "      <td>-0.110870</td>\n",
       "      <td>-0.026015</td>\n",
       "      <td>-0.045388</td>\n",
       "      <td>0.149797</td>\n",
       "    </tr>\n",
       "    <tr>\n",
       "      <th>goout</th>\n",
       "      <td>0.009536</td>\n",
       "      <td>0.028104</td>\n",
       "      <td>0.053154</td>\n",
       "      <td>0.045078</td>\n",
       "      <td>0.089707</td>\n",
       "      <td>0.339153</td>\n",
       "      <td>1.000000</td>\n",
       "      <td>0.245126</td>\n",
       "      <td>-0.015741</td>\n",
       "      <td>0.077582</td>\n",
       "      <td>-0.074053</td>\n",
       "      <td>-0.061193</td>\n",
       "      <td>-0.087641</td>\n",
       "      <td>0.089430</td>\n",
       "      <td>-0.068552</td>\n",
       "      <td>0.397811</td>\n",
       "    </tr>\n",
       "    <tr>\n",
       "      <th>Dalc</th>\n",
       "      <td>-0.007018</td>\n",
       "      <td>-0.011505</td>\n",
       "      <td>0.086628</td>\n",
       "      <td>0.105949</td>\n",
       "      <td>-0.075767</td>\n",
       "      <td>0.116070</td>\n",
       "      <td>0.245126</td>\n",
       "      <td>1.000000</td>\n",
       "      <td>0.059067</td>\n",
       "      <td>0.165547</td>\n",
       "      <td>-0.195171</td>\n",
       "      <td>-0.187030</td>\n",
       "      <td>-0.204719</td>\n",
       "      <td>0.168583</td>\n",
       "      <td>-0.147515</td>\n",
       "      <td>0.624373</td>\n",
       "    </tr>\n",
       "    <tr>\n",
       "      <th>health</th>\n",
       "      <td>0.004614</td>\n",
       "      <td>0.043708</td>\n",
       "      <td>-0.036147</td>\n",
       "      <td>0.035588</td>\n",
       "      <td>0.109559</td>\n",
       "      <td>0.084181</td>\n",
       "      <td>-0.015741</td>\n",
       "      <td>0.059067</td>\n",
       "      <td>1.000000</td>\n",
       "      <td>-0.045782</td>\n",
       "      <td>-0.051647</td>\n",
       "      <td>-0.088448</td>\n",
       "      <td>-0.098851</td>\n",
       "      <td>-0.007759</td>\n",
       "      <td>-0.062246</td>\n",
       "      <td>0.110179</td>\n",
       "    </tr>\n",
       "    <tr>\n",
       "      <th>absences</th>\n",
       "      <td>-0.030314</td>\n",
       "      <td>0.000862</td>\n",
       "      <td>0.011891</td>\n",
       "      <td>0.104639</td>\n",
       "      <td>-0.079048</td>\n",
       "      <td>-0.025629</td>\n",
       "      <td>0.077582</td>\n",
       "      <td>0.165547</td>\n",
       "      <td>-0.045782</td>\n",
       "      <td>1.000000</td>\n",
       "      <td>-0.159026</td>\n",
       "      <td>-0.146747</td>\n",
       "      <td>-0.106241</td>\n",
       "      <td>0.119640</td>\n",
       "      <td>-0.133554</td>\n",
       "      <td>0.138778</td>\n",
       "    </tr>\n",
       "    <tr>\n",
       "      <th>G1</th>\n",
       "      <td>0.260472</td>\n",
       "      <td>0.223507</td>\n",
       "      <td>-0.169075</td>\n",
       "      <td>-0.384210</td>\n",
       "      <td>0.048795</td>\n",
       "      <td>-0.080949</td>\n",
       "      <td>-0.074053</td>\n",
       "      <td>-0.195171</td>\n",
       "      <td>-0.051647</td>\n",
       "      <td>-0.159026</td>\n",
       "      <td>1.000000</td>\n",
       "      <td>0.863209</td>\n",
       "      <td>0.826387</td>\n",
       "      <td>-0.181571</td>\n",
       "      <td>0.261477</td>\n",
       "      <td>-0.152487</td>\n",
       "    </tr>\n",
       "    <tr>\n",
       "      <th>G2</th>\n",
       "      <td>0.272536</td>\n",
       "      <td>0.234918</td>\n",
       "      <td>-0.170496</td>\n",
       "      <td>-0.392113</td>\n",
       "      <td>0.101754</td>\n",
       "      <td>-0.100257</td>\n",
       "      <td>-0.061193</td>\n",
       "      <td>-0.187030</td>\n",
       "      <td>-0.088448</td>\n",
       "      <td>-0.146747</td>\n",
       "      <td>0.863209</td>\n",
       "      <td>1.000000</td>\n",
       "      <td>0.921437</td>\n",
       "      <td>-0.118624</td>\n",
       "      <td>0.245547</td>\n",
       "      <td>-0.168348</td>\n",
       "    </tr>\n",
       "    <tr>\n",
       "      <th>G3</th>\n",
       "      <td>0.240151</td>\n",
       "      <td>0.227617</td>\n",
       "      <td>-0.138247</td>\n",
       "      <td>-0.393316</td>\n",
       "      <td>0.063361</td>\n",
       "      <td>-0.110870</td>\n",
       "      <td>-0.087641</td>\n",
       "      <td>-0.204719</td>\n",
       "      <td>-0.098851</td>\n",
       "      <td>-0.106241</td>\n",
       "      <td>0.826387</td>\n",
       "      <td>0.921437</td>\n",
       "      <td>1.000000</td>\n",
       "      <td>-0.105610</td>\n",
       "      <td>0.249884</td>\n",
       "      <td>-0.175726</td>\n",
       "    </tr>\n",
       "    <tr>\n",
       "      <th>Feature_1</th>\n",
       "      <td>-0.111327</td>\n",
       "      <td>-0.138840</td>\n",
       "      <td>0.045970</td>\n",
       "      <td>0.312151</td>\n",
       "      <td>-0.040149</td>\n",
       "      <td>-0.026015</td>\n",
       "      <td>0.089430</td>\n",
       "      <td>0.168583</td>\n",
       "      <td>-0.007759</td>\n",
       "      <td>0.119640</td>\n",
       "      <td>-0.181571</td>\n",
       "      <td>-0.118624</td>\n",
       "      <td>-0.105610</td>\n",
       "      <td>1.000000</td>\n",
       "      <td>0.014528</td>\n",
       "      <td>0.097160</td>\n",
       "    </tr>\n",
       "    <tr>\n",
       "      <th>Feature_2</th>\n",
       "      <td>0.097210</td>\n",
       "      <td>0.051633</td>\n",
       "      <td>-0.048797</td>\n",
       "      <td>-0.144468</td>\n",
       "      <td>-0.018598</td>\n",
       "      <td>-0.045388</td>\n",
       "      <td>-0.068552</td>\n",
       "      <td>-0.147515</td>\n",
       "      <td>-0.062246</td>\n",
       "      <td>-0.133554</td>\n",
       "      <td>0.261477</td>\n",
       "      <td>0.245547</td>\n",
       "      <td>0.249884</td>\n",
       "      <td>0.014528</td>\n",
       "      <td>1.000000</td>\n",
       "      <td>-0.199162</td>\n",
       "    </tr>\n",
       "    <tr>\n",
       "      <th>Feature_3</th>\n",
       "      <td>-0.009095</td>\n",
       "      <td>0.040817</td>\n",
       "      <td>0.052514</td>\n",
       "      <td>0.063646</td>\n",
       "      <td>-0.082948</td>\n",
       "      <td>0.149797</td>\n",
       "      <td>0.397811</td>\n",
       "      <td>0.624373</td>\n",
       "      <td>0.110179</td>\n",
       "      <td>0.138778</td>\n",
       "      <td>-0.152487</td>\n",
       "      <td>-0.168348</td>\n",
       "      <td>-0.175726</td>\n",
       "      <td>0.097160</td>\n",
       "      <td>-0.199162</td>\n",
       "      <td>1.000000</td>\n",
       "    </tr>\n",
       "  </tbody>\n",
       "</table>\n",
       "</div>"
      ],
      "text/plain": [
       "                Medu      Fedu  traveltime  failures    famrel  freetime  \\\n",
       "Medu        1.000000  0.645266   -0.285188 -0.172210  0.024421 -0.006371   \n",
       "Fedu        0.645266  1.000000   -0.225239 -0.173993  0.015577  0.037076   \n",
       "traveltime -0.285188 -0.225239    1.000000  0.102425  0.005246 -0.033022   \n",
       "failures   -0.172210 -0.173993    0.102425  1.000000 -0.062645  0.097892   \n",
       "famrel      0.024421  0.015577    0.005246 -0.062645  1.000000  0.126353   \n",
       "freetime   -0.006371  0.037076   -0.033022  0.097892  0.126353  1.000000   \n",
       "goout       0.009536  0.028104    0.053154  0.045078  0.089707  0.339153   \n",
       "Dalc       -0.007018 -0.011505    0.086628  0.105949 -0.075767  0.116070   \n",
       "health      0.004614  0.043708   -0.036147  0.035588  0.109559  0.084181   \n",
       "absences   -0.030314  0.000862    0.011891  0.104639 -0.079048 -0.025629   \n",
       "G1          0.260472  0.223507   -0.169075 -0.384210  0.048795 -0.080949   \n",
       "G2          0.272536  0.234918   -0.170496 -0.392113  0.101754 -0.100257   \n",
       "G3          0.240151  0.227617   -0.138247 -0.393316  0.063361 -0.110870   \n",
       "Feature_1  -0.111327 -0.138840    0.045970  0.312151 -0.040149 -0.026015   \n",
       "Feature_2   0.097210  0.051633   -0.048797 -0.144468 -0.018598 -0.045388   \n",
       "Feature_3  -0.009095  0.040817    0.052514  0.063646 -0.082948  0.149797   \n",
       "\n",
       "               goout      Dalc    health  absences        G1        G2  \\\n",
       "Medu        0.009536 -0.007018  0.004614 -0.030314  0.260472  0.272536   \n",
       "Fedu        0.028104 -0.011505  0.043708  0.000862  0.223507  0.234918   \n",
       "traveltime  0.053154  0.086628 -0.036147  0.011891 -0.169075 -0.170496   \n",
       "failures    0.045078  0.105949  0.035588  0.104639 -0.384210 -0.392113   \n",
       "famrel      0.089707 -0.075767  0.109559 -0.079048  0.048795  0.101754   \n",
       "freetime    0.339153  0.116070  0.084181 -0.025629 -0.080949 -0.100257   \n",
       "goout       1.000000  0.245126 -0.015741  0.077582 -0.074053 -0.061193   \n",
       "Dalc        0.245126  1.000000  0.059067  0.165547 -0.195171 -0.187030   \n",
       "health     -0.015741  0.059067  1.000000 -0.045782 -0.051647 -0.088448   \n",
       "absences    0.077582  0.165547 -0.045782  1.000000 -0.159026 -0.146747   \n",
       "G1         -0.074053 -0.195171 -0.051647 -0.159026  1.000000  0.863209   \n",
       "G2         -0.061193 -0.187030 -0.088448 -0.146747  0.863209  1.000000   \n",
       "G3         -0.087641 -0.204719 -0.098851 -0.106241  0.826387  0.921437   \n",
       "Feature_1   0.089430  0.168583 -0.007759  0.119640 -0.181571 -0.118624   \n",
       "Feature_2  -0.068552 -0.147515 -0.062246 -0.133554  0.261477  0.245547   \n",
       "Feature_3   0.397811  0.624373  0.110179  0.138778 -0.152487 -0.168348   \n",
       "\n",
       "                  G3  Feature_1  Feature_2  Feature_3  \n",
       "Medu        0.240151  -0.111327   0.097210  -0.009095  \n",
       "Fedu        0.227617  -0.138840   0.051633   0.040817  \n",
       "traveltime -0.138247   0.045970  -0.048797   0.052514  \n",
       "failures   -0.393316   0.312151  -0.144468   0.063646  \n",
       "famrel      0.063361  -0.040149  -0.018598  -0.082948  \n",
       "freetime   -0.110870  -0.026015  -0.045388   0.149797  \n",
       "goout      -0.087641   0.089430  -0.068552   0.397811  \n",
       "Dalc       -0.204719   0.168583  -0.147515   0.624373  \n",
       "health     -0.098851  -0.007759  -0.062246   0.110179  \n",
       "absences   -0.106241   0.119640  -0.133554   0.138778  \n",
       "G1          0.826387  -0.181571   0.261477  -0.152487  \n",
       "G2          0.921437  -0.118624   0.245547  -0.168348  \n",
       "G3          1.000000  -0.105610   0.249884  -0.175726  \n",
       "Feature_1  -0.105610   1.000000   0.014528   0.097160  \n",
       "Feature_2   0.249884   0.014528   1.000000  -0.199162  \n",
       "Feature_3  -0.175726   0.097160  -0.199162   1.000000  "
      ]
     },
     "execution_count": 5,
     "metadata": {},
     "output_type": "execute_result"
    }
   ],
   "source": [
    "df.corr(numeric_only=True)"
   ]
  },
  {
   "cell_type": "code",
   "execution_count": 6,
   "id": "793da66c-7584-4cbc-b701-dc3816b40123",
   "metadata": {},
   "outputs": [
    {
     "data": {
      "text/html": [
       "<div>\n",
       "<style scoped>\n",
       "    .dataframe tbody tr th:only-of-type {\n",
       "        vertical-align: middle;\n",
       "    }\n",
       "\n",
       "    .dataframe tbody tr th {\n",
       "        vertical-align: top;\n",
       "    }\n",
       "\n",
       "    .dataframe thead th {\n",
       "        text-align: right;\n",
       "    }\n",
       "</style>\n",
       "<table border=\"1\" class=\"dataframe\">\n",
       "  <thead>\n",
       "    <tr style=\"text-align: right;\">\n",
       "      <th></th>\n",
       "      <th>Medu</th>\n",
       "      <th>Fedu</th>\n",
       "      <th>traveltime</th>\n",
       "      <th>failures</th>\n",
       "      <th>famrel</th>\n",
       "      <th>freetime</th>\n",
       "      <th>goout</th>\n",
       "      <th>Dalc</th>\n",
       "      <th>health</th>\n",
       "      <th>absences</th>\n",
       "      <th>G1</th>\n",
       "      <th>G2</th>\n",
       "      <th>G3</th>\n",
       "      <th>Feature_1</th>\n",
       "      <th>Feature_2</th>\n",
       "      <th>Feature_3</th>\n",
       "    </tr>\n",
       "  </thead>\n",
       "  <tbody>\n",
       "    <tr>\n",
       "      <th>count</th>\n",
       "      <td>649.000000</td>\n",
       "      <td>576.000000</td>\n",
       "      <td>576.000000</td>\n",
       "      <td>649.000000</td>\n",
       "      <td>649.000000</td>\n",
       "      <td>604.000000</td>\n",
       "      <td>649.000000</td>\n",
       "      <td>649.000000</td>\n",
       "      <td>649.000000</td>\n",
       "      <td>580.000000</td>\n",
       "      <td>649.000000</td>\n",
       "      <td>614.000000</td>\n",
       "      <td>649.000000</td>\n",
       "      <td>611.000000</td>\n",
       "      <td>603.000000</td>\n",
       "      <td>610.000000</td>\n",
       "    </tr>\n",
       "    <tr>\n",
       "      <th>mean</th>\n",
       "      <td>2.514638</td>\n",
       "      <td>2.303819</td>\n",
       "      <td>1.574653</td>\n",
       "      <td>0.221880</td>\n",
       "      <td>3.930663</td>\n",
       "      <td>3.172185</td>\n",
       "      <td>3.184900</td>\n",
       "      <td>1.502311</td>\n",
       "      <td>3.536210</td>\n",
       "      <td>3.746552</td>\n",
       "      <td>11.399076</td>\n",
       "      <td>11.586319</td>\n",
       "      <td>11.906009</td>\n",
       "      <td>16.747954</td>\n",
       "      <td>1.913765</td>\n",
       "      <td>2.262295</td>\n",
       "    </tr>\n",
       "    <tr>\n",
       "      <th>std</th>\n",
       "      <td>1.134552</td>\n",
       "      <td>1.111076</td>\n",
       "      <td>0.744592</td>\n",
       "      <td>0.593235</td>\n",
       "      <td>0.955717</td>\n",
       "      <td>1.044684</td>\n",
       "      <td>1.175766</td>\n",
       "      <td>0.924834</td>\n",
       "      <td>1.446259</td>\n",
       "      <td>4.732890</td>\n",
       "      <td>2.745265</td>\n",
       "      <td>2.927878</td>\n",
       "      <td>3.230656</td>\n",
       "      <td>1.216812</td>\n",
       "      <td>0.830798</td>\n",
       "      <td>1.285279</td>\n",
       "    </tr>\n",
       "    <tr>\n",
       "      <th>min</th>\n",
       "      <td>0.000000</td>\n",
       "      <td>0.000000</td>\n",
       "      <td>1.000000</td>\n",
       "      <td>0.000000</td>\n",
       "      <td>1.000000</td>\n",
       "      <td>1.000000</td>\n",
       "      <td>1.000000</td>\n",
       "      <td>1.000000</td>\n",
       "      <td>1.000000</td>\n",
       "      <td>0.000000</td>\n",
       "      <td>0.000000</td>\n",
       "      <td>0.000000</td>\n",
       "      <td>0.000000</td>\n",
       "      <td>15.000000</td>\n",
       "      <td>1.000000</td>\n",
       "      <td>1.000000</td>\n",
       "    </tr>\n",
       "    <tr>\n",
       "      <th>25%</th>\n",
       "      <td>2.000000</td>\n",
       "      <td>1.000000</td>\n",
       "      <td>1.000000</td>\n",
       "      <td>0.000000</td>\n",
       "      <td>4.000000</td>\n",
       "      <td>3.000000</td>\n",
       "      <td>2.000000</td>\n",
       "      <td>1.000000</td>\n",
       "      <td>2.000000</td>\n",
       "      <td>0.000000</td>\n",
       "      <td>10.000000</td>\n",
       "      <td>10.000000</td>\n",
       "      <td>10.000000</td>\n",
       "      <td>16.000000</td>\n",
       "      <td>1.000000</td>\n",
       "      <td>1.000000</td>\n",
       "    </tr>\n",
       "    <tr>\n",
       "      <th>50%</th>\n",
       "      <td>2.000000</td>\n",
       "      <td>2.000000</td>\n",
       "      <td>1.000000</td>\n",
       "      <td>0.000000</td>\n",
       "      <td>4.000000</td>\n",
       "      <td>3.000000</td>\n",
       "      <td>3.000000</td>\n",
       "      <td>1.000000</td>\n",
       "      <td>4.000000</td>\n",
       "      <td>2.000000</td>\n",
       "      <td>11.000000</td>\n",
       "      <td>11.000000</td>\n",
       "      <td>12.000000</td>\n",
       "      <td>17.000000</td>\n",
       "      <td>2.000000</td>\n",
       "      <td>2.000000</td>\n",
       "    </tr>\n",
       "    <tr>\n",
       "      <th>75%</th>\n",
       "      <td>4.000000</td>\n",
       "      <td>3.000000</td>\n",
       "      <td>2.000000</td>\n",
       "      <td>0.000000</td>\n",
       "      <td>5.000000</td>\n",
       "      <td>4.000000</td>\n",
       "      <td>4.000000</td>\n",
       "      <td>2.000000</td>\n",
       "      <td>5.000000</td>\n",
       "      <td>6.000000</td>\n",
       "      <td>13.000000</td>\n",
       "      <td>13.000000</td>\n",
       "      <td>14.000000</td>\n",
       "      <td>18.000000</td>\n",
       "      <td>2.000000</td>\n",
       "      <td>3.000000</td>\n",
       "    </tr>\n",
       "    <tr>\n",
       "      <th>max</th>\n",
       "      <td>4.000000</td>\n",
       "      <td>4.000000</td>\n",
       "      <td>4.000000</td>\n",
       "      <td>3.000000</td>\n",
       "      <td>5.000000</td>\n",
       "      <td>5.000000</td>\n",
       "      <td>5.000000</td>\n",
       "      <td>5.000000</td>\n",
       "      <td>5.000000</td>\n",
       "      <td>32.000000</td>\n",
       "      <td>19.000000</td>\n",
       "      <td>19.000000</td>\n",
       "      <td>19.000000</td>\n",
       "      <td>22.000000</td>\n",
       "      <td>4.000000</td>\n",
       "      <td>5.000000</td>\n",
       "    </tr>\n",
       "  </tbody>\n",
       "</table>\n",
       "</div>"
      ],
      "text/plain": [
       "             Medu        Fedu  traveltime    failures      famrel    freetime  \\\n",
       "count  649.000000  576.000000  576.000000  649.000000  649.000000  604.000000   \n",
       "mean     2.514638    2.303819    1.574653    0.221880    3.930663    3.172185   \n",
       "std      1.134552    1.111076    0.744592    0.593235    0.955717    1.044684   \n",
       "min      0.000000    0.000000    1.000000    0.000000    1.000000    1.000000   \n",
       "25%      2.000000    1.000000    1.000000    0.000000    4.000000    3.000000   \n",
       "50%      2.000000    2.000000    1.000000    0.000000    4.000000    3.000000   \n",
       "75%      4.000000    3.000000    2.000000    0.000000    5.000000    4.000000   \n",
       "max      4.000000    4.000000    4.000000    3.000000    5.000000    5.000000   \n",
       "\n",
       "            goout        Dalc      health    absences          G1          G2  \\\n",
       "count  649.000000  649.000000  649.000000  580.000000  649.000000  614.000000   \n",
       "mean     3.184900    1.502311    3.536210    3.746552   11.399076   11.586319   \n",
       "std      1.175766    0.924834    1.446259    4.732890    2.745265    2.927878   \n",
       "min      1.000000    1.000000    1.000000    0.000000    0.000000    0.000000   \n",
       "25%      2.000000    1.000000    2.000000    0.000000   10.000000   10.000000   \n",
       "50%      3.000000    1.000000    4.000000    2.000000   11.000000   11.000000   \n",
       "75%      4.000000    2.000000    5.000000    6.000000   13.000000   13.000000   \n",
       "max      5.000000    5.000000    5.000000   32.000000   19.000000   19.000000   \n",
       "\n",
       "               G3   Feature_1   Feature_2   Feature_3  \n",
       "count  649.000000  611.000000  603.000000  610.000000  \n",
       "mean    11.906009   16.747954    1.913765    2.262295  \n",
       "std      3.230656    1.216812    0.830798    1.285279  \n",
       "min      0.000000   15.000000    1.000000    1.000000  \n",
       "25%     10.000000   16.000000    1.000000    1.000000  \n",
       "50%     12.000000   17.000000    2.000000    2.000000  \n",
       "75%     14.000000   18.000000    2.000000    3.000000  \n",
       "max     19.000000   22.000000    4.000000    5.000000  "
      ]
     },
     "execution_count": 6,
     "metadata": {},
     "output_type": "execute_result"
    }
   ],
   "source": [
    "df.describe()"
   ]
  },
  {
   "cell_type": "code",
   "execution_count": 27,
   "id": "63029320-2496-458a-b408-b301906a2d2d",
   "metadata": {},
   "outputs": [
    {
     "data": {
      "text/plain": [
       "<Axes: >"
      ]
     },
     "execution_count": 27,
     "metadata": {},
     "output_type": "execute_result"
    },
    {
     "data": {
